# 
# 
# x and y can be pixel values, or RA and Dec strings or floats. To differentiate, put 'pixels' in the top line if the inputs are pixel values.
# radius can also be in units of pixels or arcseconds. Put 'radius_pixels' at top of file to specify radii in pixels.
# position angle is given in degrees counterclockwise. A value of 0 will align the semimajor axis with the x axis of the detector.
x_or_RA y_or_Dec radius ellipticity pos_angle sersic_index magnitude
359.9822238377532 -0.005412581249771595 1.3735503924856207 0.09126271576553863 101.29378792866052 3.085853066203737 19.79403410948653
359.9915144679657 -0.0041562660029706945 1.8377981643841712 0.6898437970167004 236.0116424210545 3.3530146256156437 19.026971871520068
359.99609537440836 -0.005372603177837443 0.42863535749929604 0.4734628497344622 353.99744193564584 2.207632456166568 25.53021923751513
0.0007687527200346267 -0.0045952522943764834 0.541057155269677 0.24058592469573287 307.66336232249773 2.9986993627033858 19.685963999850166
359.9910294573013 0.0062022052835540905 1.6600029793619135 0.20231409778644302 342.72832229068365 2.3216514695332466 24.15065950027516
0.0032128345294495375 0.0015104238507032512 1.2771912046452234 0.624081661397037 282.8554052879163 3.3637729662129705 25.458811966570686
359.9862373297994 0.013890773472491074 0.21965592304244716 0.04759365558133832 265.69661247606325 3.7772276164998413 18.837025451385472
0.009350391193663654 -0.001422865400539171 0.99073182349552 0.02336280418552769 307.34459825158444 1.2883203726989174 19.917417573327185
359.99112209017204 -0.005702339614634764 0.6096454809791991 0.14469439299769693 277.1302296977679 1.8194256137416713 18.686930869424025
0.0003358725989528466 -0.0020939265379355558 0.5207524779486838 0.4211477616851083 98.3470399940116 3.9621573051166528 19.393391521913305
359.98404475535887 0.008962271265885427 0.3911205642693567 0.0938731010325273 105.45648512804645 3.325712856357497 23.872003249331158
359.99521013478426 0.008997811764313106 1.935015032952627 0.21614951941826635 224.70592257747194 3.355199576489134 26.79380213015627
0.0052735382733430924 0.009526422067595111 0.5081886594623484 0.2974782416488092 119.56441610858798 2.572527030615455 19.327200127400012
359.9924662099363 0.011792598519587002 1.6647006792364043 0.5450130798689564 257.9493983450103 3.237684341778355 18.721907848790565
359.9926138402237 -0.0010213641927988813 1.5539256071850729 0.7044883974977171 217.16352812046895 3.0669375558264598 21.293390254055318
359.9932056485803 0.009220043730450588 0.5929887341313786 0.1819998623116383 246.1089263704218 2.38107093757086 20.752381779184773
0.009636261275318247 0.011191633061574705 1.753739162759893 0.11688810273993466 225.7794228967883 1.8507470267433237 20.417484513749308
359.99395532607093 -0.005033163653621533 0.20236330449685982 0.5343675080368726 43.30052025143224 2.8446917048942755 26.739894320176873
0.006683978864771234 -0.004140377119806316 1.088338149836977 0.2111103364420282 234.0082304165711 3.3983585889556114 20.558848791451602
359.9924640078274 0.006645514349104107 0.7795770995780316 0.5320136485600451 140.45144788857056 3.2576742018309544 19.204158196227816
0.009173899380357398 0.000923113284238582 1.5252268613234996 0.42824051645250627 239.27311198813803 1.3285636951146291 25.94312373351982
0.004451090715861028 0.011144061039692314 0.8443267093067703 0.7347811145591484 111.11161859004693 1.3577944355186835 22.88084802579137
0.009232492408727921 0.012138632928187452 0.8511328729389656 0.4784635296631842 69.17598210199418 2.8975310867623434 19.05178336563029
359.988833540351 -0.002914374319025118 1.3815179495413576 0.21686694722537672 146.46902659264651 1.150596177087912 19.155600249601385
0.007697999955269097 0.009057523658817028 1.5391341486117531 0.01197607388239344 279.69493977707845 3.6542493288531803 22.4320085502727
359.998730220858 0.006930652630025626 1.0510434677528528 0.30451258124045233 220.39532171008307 3.156893187598072 18.862759945627282
359.9945043270637 -0.0028770393635165195 0.38016717944313205 0.39983099376173203 135.70518244461618 3.855516320862762 21.30137441731573
359.9892059856012 -0.0052833599414846815 0.7322733971322266 0.42937613900320215 33.42120964829926 3.855559903176651 25.430005075376837
359.9966195232349 0.013591956137324985 0.5319475558195738 0.07671614903481444 143.00159147399927 2.3665682426340258 21.723174510325784
359.99423691591295 0.004235431417007999 1.289469703358745 0.33724582608710874 46.217240972039214 3.9666484452467996 22.118433159935975
0.00022411306883896032 -0.0016588194548474164 1.3464566368512154 0.6331853845519252 191.25410290450273 2.3652655543789765 25.779906870715582
359.9963197346469 0.014353253385781901 0.6793471601161666 0.5131945839644733 225.98704297482783 2.1557167150422876 25.054619907366764
359.99919818230944 0.015463787771427292 1.441210504795887 0.525402147310992 286.7241446877325 2.9465804975928567 23.147882784713634
359.98772957468566 0.014366439422057715 1.4220820121214102 0.12028424397190868 302.6005342560562 2.4865373298184332 18.31770232770511
0.002714227890010079 -0.001878275295599835 1.5754035307137575 0.6242156307209106 229.8849456514364 1.5251641676016756 20.23907798007084
359.9969508506287 -0.0064832499858449855 1.987637099620615 0.18056902509018685 20.712145180776105 1.6912385032562738 22.67840395016754
0.004775527795800372 0.008213862067230049 1.3918989315097516 0.2987742345647936 8.855660666147402 2.8930858014459475 24.046015363224843
0.002913388878425849 -0.004139378547154392 1.0615644672595779 0.3275869688977198 26.86430856010815 2.375640378254529 20.51032348260394
359.98345211513316 -0.003686450598822841 0.4077972731984295 0.18607880887193043 60.27916128088519 2.235975369684305 18.986076686456265
359.9924111602143 -0.006467775384053131 1.7279764171799463 0.7181306069256058 215.84130750311334 3.4152396064527912 22.94749814201134
359.9854289002361 -0.004070826049278454 1.3253922497696469 0.26952899809537656 321.54514841878125 3.3095467662269105 23.58659330385496
359.99451158380157 0.0003111687618484651 1.9910131650793026 0.3110881171789528 174.23924975437833 3.438406203501968 22.420487422109353
359.9822022983817 0.014649729495668467 0.6715499031899811 0.032362225990280935 204.27212449903703 1.8737909404342945 23.854528108105963
0.003633961798357177 0.010985079512095578 0.5529986371128851 0.39970485291528846 10.899096282405067 3.150122149930503 24.700559262789895
0.00351458518207437 -0.005561116871622952 1.7335754332537638 0.32233747358353704 212.45275548259858 1.4971201485496044 19.19567002134088
359.9889245914683 0.009748155181543103 1.263706993793919 0.39396860962888197 341.5973496137884 3.152602122085753 20.79485279234045
0.007021359848977227 -0.005731342657669928 0.3205536554197147 0.07067327983129157 198.89921873359066 1.2485800495702657 22.003698016735076
359.9958954645324 0.012632196794994324 0.4469978170910948 0.7388259308721945 221.9221387266564 2.827229914722965 20.81632384824992
359.9810793758832 0.015763069259250792 1.866473282031604 0.450189320857288 83.84301614151434 2.895238751725488 18.023621702223696
359.9886285786621 0.003271337464073454 1.0270220983252456 0.41655057138964285 68.79822712545443 2.7240583496915107 23.784901794328086
0.005055558063702392 -7.836579856395666e-05 0.8663901148494844 0.023337621084989213 209.205303948969 3.332340926377423 19.965394828203937
359.9907454155259 -0.003940960365946243 1.0617090801891527 0.7120782731901065 288.03622656048395 2.718560512963166 26.20115816987914
0.004383856337540237 0.004586309188086115 1.9474707666226687 0.05677719149727298 97.19726069227089 3.0611971468943615 26.242586893281825
0.0005449451816730289 0.01448857310343366 1.601239732363271 0.040654325786942336 229.81012580911215 2.8633512644370085 23.585088707019704
0.0020121516053563937 0.001364082913533845 1.8408865372910779 0.4481508398927626 21.548928374178345 3.96253829149189 22.621612684458967
0.009521634632392306 0.012327372759940032 0.36128480769681026 0.41176073922514944 131.60491106357424 2.0378735093844633 19.519875996618396
359.99216057768245 -0.001174023359538829 0.5280379408555664 0.04733558881045258 46.03493336480659 3.3769772314818467 24.341584642320765
359.9859955522598 0.014194088895012351 0.38415943023670407 0.23924594684122977 342.16701166373207 3.528022816720266 18.342643463999558
359.9868848362767 0.003902137096132274 1.7727409810194266 0.5908868295337242 260.73643621545284 2.8650181353383375 19.329285490962377
0.0054790305563301445 -0.0017952469285660569 1.491251785845015 0.6710546374077532 234.2007553737759 2.223358644399382 18.6065983406209
0.0002514113767801973 0.01037411219875971 1.3092362738381134 0.45965361491994483 131.08891427223287 2.2731316514191366 18.803208496324807
0.00023653143108504082 0.010333021069693806 1.4665558783159598 0.5073730190622321 298.3816038700633 2.471688701214083 19.090641254963508
0.00798330206606579 -0.005274223932403798 0.9562266375004691 0.13677850064618094 2.9048023586733147 3.242779685039986 18.30059185071403
359.99708239067115 -0.00022464314990382726 0.9355679597962852 0.4983601543670165 353.20970697990623 1.234642068439674 24.321314032734108
359.99118450909026 0.004056247022852608 0.6037234671144687 0.24868305973234586 71.74151071772219 3.2717940321310564 24.26567170006938
359.99136129237934 0.004293421513790927 0.6299761170779341 0.5022202813669958 267.8473148539492 1.0413221613609287 24.777714587348278
0.0055205697964311184 0.015313056298340804 0.9622279134887484 0.23763960730855355 111.05067581769417 1.0867588195387368 18.72677196286982
359.9932784003298 -0.002300763566439216 1.5546836974324754 0.12190143239483606 188.58351197140885 3.7158388319973477 26.217024940074676
359.99071229333214 0.012902113744800428 0.7934634950115591 0.5233415990245435 165.33348448183813 3.074784959550328 20.219554896963746
359.9868522821756 0.01033234942706652 0.20528710275262507 0.5993924353507721 62.09561082903082 1.6448563747216274 19.78492229393747
359.9868805764921 0.0056378861622783764 1.6464107341999854 0.7339884357935276 165.8170460372706 3.2730083642198142 19.939080208807283
359.999950115115 -0.0031078493802477814 0.6762559419185299 0.27493372294946206 189.22548247059316 2.6271473776981513 22.888324509238153
359.99243789044846 -0.0006359637350459735 1.9015616335771552 0.46282945222587746 167.06985948603088 1.137378717391452 22.856525938271844
359.9974733312752 -0.0032579487408688377 0.8544511366740717 0.19019314226715361 279.6426918399132 1.874045327937516 19.854468532354502
359.99825899379897 0.010260867774797651 1.755240521643986 0.675017297314428 280.16471793054865 1.7463918944023313 21.581932722089284
359.98349803561035 0.010807740024241072 0.875455216970209 0.3212656347968143 20.704026152118185 1.8786504744592665 25.917336049872755
359.9808053707962 0.005007663376586008 1.1115053480416475 0.5263112278410971 17.597499371386547 3.0273063994861915 21.187178408939303
359.99283819891497 -0.0007481661456850489 1.0497481744962178 0.4953714572308797 345.71576195937655 2.4357720786438044 18.31056578958953
0.009845006971715975 0.003648497650978093 0.8193494349424819 0.5336784823086256 344.5151382835279 1.315002537116417 19.789044083439215
359.9974737081414 -0.004024141958297885 1.9736347165166095 0.36463233956959074 32.68760073732654 3.3662812550029244 21.367097990412464
359.9806894042553 0.007639755180027274 1.0282077382840986 0.7456915388520147 6.5937119778967554 3.8036181465537657 20.420680850408694
359.98477880512155 0.007508188747713794 0.25747366892861895 0.7040863157436239 144.03254988927762 2.4882354373786044 18.366543509356944
0.001677413559662 0.0028755306511711216 0.9322364015312461 0.6114737440408647 109.11262610113842 1.9971919780399572 25.868261020705493
359.9940970139187 -0.005050396020822417 1.1231898760342325 0.6335010274080355 175.5524030273747 2.142300662459517 20.670638912917045
359.98304478594565 -0.006162212543840376 0.9134984989354566 0.08755595720304954 310.6534624799038 1.763244605599332 20.35311229909031
359.9984516880839 0.016034642457059337 1.9278497762095914 0.24436456820828437 113.87487118063729 3.7580404378901644 23.510092561231584
0.008831575458486896 -0.0019749392024880604 0.4861064504934142 0.2759499565634051 250.49453038556442 3.879443626961912 23.270967653585412
0.0008867413667985602 -0.004515118516064378 0.39272299118314014 0.5566830200258323 256.66337081216375 3.7422806692294524 18.29899791302852
359.99500998356 -0.002358327392915893 1.4452296917897456 0.7394253961119426 76.0780772346497 2.09157556852822 22.555358303071376
359.98114248975327 -0.0003353717063202012 1.6034236686993186 0.20238564962454958 165.0298288027166 2.557338685219456 21.07615900365051
359.98049338764963 -0.004955439108771008 1.9243405682669135 0.17369502929105024 69.68205935673616 2.565042334545784 21.925477238827675
359.99581461707186 -0.0022535356182445112 1.3290720336701847 0.16628389569249247 255.96163613132896 1.2335220041190957 23.635551101921564
359.99818162072137 0.006595922046708632 1.9346460612016603 0.5244754440848036 134.99063783082445 1.5169882618478827 23.579837943567224
0.003111802786179396 0.009388244706383228 0.48760127197306036 0.01846490051484878 249.5370005074745 3.3870892922217832 26.854991668717226
359.99937671200763 0.012441280467178998 1.1928494699905046 0.1741165567242192 352.35918111174874 2.6515580707475603 20.838940386610382
0.008382885660864758 0.00826108407376931 0.6710694977194472 0.5914485509221726 195.73234816212445 2.1236724994839866 22.08840338413625
0.004804911320661631 0.015647809111310862 0.7104118716431367 0.7319899098586257 26.74651430559433 2.624886780386552 22.0535884289544
3.713692109386102e-05 0.008791987695363912 1.6194795373284343 0.15459312941144013 254.00902112476504 2.5828873056303494 26.18076766011161
359.99195547991917 0.0039808532954292986 1.593550994121182 0.509859572673532 221.4019739831466 1.0584172463067891 25.385420153889857
0.0006455521366319772 -0.000733518389202591 1.5997694567996326 0.7002552625470368 93.64938677782135 3.067274511286294 24.641833903791145
359.99157982830917 -0.0035677354485222045 0.6835808495836526 0.6805826045912091 131.45658959723426 3.7762310563141357 19.304945805808842
0.00037333117103344193 0.010833380189099096 0.6627721542580414 0.16284802444611515 121.64549471744759 2.717247768995089 22.744513976991968
0.003884149861619335 0.003601047996378023 0.33246147139931204 0.6556072456402008 143.2592502964449 2.749292608356174 19.10449899389073
359.9890861517315 0.01792326649866135 1.8452225137876361 0.07753478507442027 201.9935038957542 1.7505482532418877 22.5465941921789
359.9989979342954 0.016550904493229088 0.9058634407892023 0.5268440478631327 73.67041855481322 2.6694458128077985 19.431539873840883
359.9950233946015 0.007203556144909808 1.4642153496395716 0.6031739673395412 154.7923263859753 2.7905848392538664 18.85855521903023
359.99858829059224 0.007202627301620237 1.9781942666106256 0.25751778244469387 7.87131419826394 3.596826209934023 26.1279112259144
359.98806790042744 0.013444572450967167 0.7032357437007886 0.12655767236623913 337.4253683956358 3.3462217471814637 20.705412292724024
0.007455550101269637 0.009139637567552728 0.595622601635379 0.21424770902222223 194.33268915066859 1.8459756681155364 18.814373158409598
0.0007358953586162897 0.014882939991532925 1.145140184034764 0.3868788301089907 168.64926929828468 1.247573841065849 19.469083462776947
0.008763175472097373 0.00303194139618348 0.9414638586884672 0.2169007903383431 172.32390538966703 3.8226402508747888 22.282548773834073
359.99555406372815 0.0008459809347264296 1.7716955748760381 0.7291543988895814 121.20565191695917 3.7960600966771034 26.307524476942405
359.9948602155973 0.003199102179021111 1.5375350003952848 0.2750364890507745 86.38106696372883 1.4084794534307576 23.837883022606498
359.98988266511833 0.006652250057920894 1.4507174803035137 0.4391998663597012 242.66321712642826 3.4562089423514224 22.000973742708958
359.9837388269214 0.01107549440443551 0.2948908566258738 0.6726294482314481 145.21026252753697 3.721982255301883 21.547687898613567
359.9870341339448 -0.007615716728034404 1.8403005933247216 0.5142937695691292 40.36978020453988 2.570091227751294 26.30122730109311
359.9847298846464 -0.0072262023937000285 1.521686167078117 0.20862595270145265 221.66362371144876 1.8434615783807997 22.379957284037484
359.98285973759823 0.011536464982721496 1.0185653680685014 0.6910286536821971 357.46012393876674 1.8985164873596303 18.352905913197272
0.003518251309628795 0.003301333094598775 1.6451891580167175 0.44351103712872125 242.37946205518983 3.8874916077640895 21.80054784637325
359.99320437319886 0.004981913872432403 0.5037895064658362 0.1947638267486145 181.2499610142809 3.984740888359377 19.002173905704716
359.99313436925974 -0.008462011000998953 0.4369292179748364 0.3272592293495623 245.63455674461855 1.9319205258602008 18.232823844973247
359.9865815886099 0.01392119328907907 1.2768397132575917 0.18278490766468802 68.0327370161131 2.2282695127334584 22.22605654677694
0.0037008760046433054 0.015360359350134236 1.4142215329019197 0.6655725161962575 286.4573174392008 2.722998810351928 19.807918161505775
359.98393871476884 0.010566023988509898 0.9933367933131847 0.3640219545169937 269.87273888423334 1.397920130266729 22.210350237752362
359.98340517706475 -0.002168354705394792 1.5988601776424638 0.26694501524990333 297.633782935197 2.2959312613562086 23.888672501332557
359.9961944531146 0.004008913444775376 1.934979214515158 0.27070863625378094 30.886201758755167 3.6934698030432207 25.92663571420639
0.0021853864600984707 0.005292877671347351 0.30759764994355643 0.703797606297288 177.66175628400427 1.3405515948856612 26.52698430790895
359.9974953343072 0.014263156605806874 0.8661985213624275 0.4737928984363684 16.126895994941307 1.8454761216101767 20.962910861214525
359.98027302231566 0.006775677561334891 0.9302852800484582 0.2448642009367776 105.89160265151688 3.860008539545383 24.847474285422678
359.99240041654593 -0.005523852527676962 1.551168205087046 0.398489442191691 132.94329795502628 3.5092092771095156 26.4829422704763
359.98812749171486 -0.0032402114567308977 1.2020870145000864 0.6989480421787826 23.56042137235943 2.142766373021625 22.480207157309643
359.9912112821202 0.0033567076198024286 0.8340109982205686 0.03405898845854022 320.80931496692824 1.2530251087671709 20.501826387295466
359.9855364481063 -0.0013113028972611051 1.361686550102542 0.5320726537236958 58.308776164862216 2.134861637548454 23.036238751649687
359.9802548350762 0.010785053055826993 1.99099104402853 0.7414150988096646 293.4127140527014 1.3779651963142605 19.86972378454608
359.99498646302607 0.007119253012091558 0.5246408204113127 0.4412126072422254 22.871247024538008 3.9047730452503697 20.721463650467307
359.99103986731274 0.00961563198487445 1.0606454709716486 0.39005047311675123 332.62898769379586 1.7919554934667292 26.522800299660425
3.364694970287019e-05 -0.0018420459538204433 1.03348151610914 0.18347044200626958 313.3891315168723 2.637455143100879 24.900487678333473
359.9985588344035 0.004361374299561524 0.8074880632319466 0.4901438985944083 60.56382220869824 1.0039597509405689 19.865054707406614
0.008315236187570463 0.002304964156422347 1.730852810465635 0.5876196177392442 72.18527219324397 2.029608876224203 24.22660234708951
359.98959252465994 -0.007739036499830433 1.6706201542908283 0.7327912298970884 11.75851721363212 3.1640922747768805 26.262295222949124
359.9849954181108 0.009522419006367732 1.3455908524065734 0.0346985505503358 338.7511410847696 3.8843841666594043 20.91378249195223
359.9936856281739 -0.0054251043621025286 1.192775620179218 0.5835448544246838 152.62827762406235 1.868567781907637 25.278392076995807
359.98688210441856 0.012446098294380833 0.8862223351164495 0.5097263949483684 207.8729371258484 1.6587998813004912 19.561489659615788
359.99101077339145 -0.00753452612474363 1.901596858838743 0.018243534784740417 71.98320090648495 1.7487927632941194 18.270147674611998
0.000843241983830012 0.00318910502056405 0.9695818055721477 0.07992702753928999 52.244181772715436 1.5480774208407357 18.350710372105432
359.98482247905685 0.0011071728314026915 0.7127782005372181 0.36893804773962635 348.34948168511323 2.9880423401642164 24.47013534830274
359.9861117965286 0.014189098121167849 1.9729193095144102 0.10359652557843846 242.18358474878022 1.4336823734747526 18.235197358685134
0.0003039969514020413 0.015203065693036475 1.083972477606926 0.34824621578435866 336.52243804920107 3.444760055057764 20.408114960059372
359.9861329545768 0.0031837306558334354 0.5266858314190231 0.6777634315904362 101.47105155484924 1.3356464238857113 25.103714971119892
359.9924340322023 0.01454927498540984 1.4091057168733567 0.6372509515314131 165.15490336575834 3.909512080832097 18.05087172759285
359.9928339296322 0.017838061882093824 0.41945920106748114 0.4142663358551162 84.73658467567455 3.848792426978838 22.19359447030639
359.99629367425854 -0.003923809598319769 0.5029149648206106 0.6136631701665032 182.14078141663865 3.5778384329404873 22.327372841985614
0.00254887708700835 0.0028976428354692777 1.1425689541208588 0.24820053325830474 56.762277738918954 1.2173570730337056 19.831712956938354
359.98706511927355 0.007205269862265799 1.4416560015013953 0.6657411953864689 259.0508866769324 2.100079753228185 22.37217204613021
0.008145176276570965 0.008745556913882456 0.9801233055841874 0.7185845512937994 25.103456952900117 2.028552636156241 22.47571971420113
0.0032140478484166124 -0.0031861352436503643 0.2414996822950156 0.5407817152119432 40.54213782182655 2.7391353579922364 26.116472039622288
359.9940201802443 0.005711187473204106 0.31478224863803456 0.48752868867530147 219.21402749879132 2.5675449477749996 23.475125454754796
0.005156399219799823 0.004188445335548033 1.6795996765272119 0.02696382911698958 101.41814028856666 1.929192050606515 21.830470566550506
359.9929302952252 -0.0010865308627715353 1.6471122193977874 0.21288338663697975 250.2226059343389 2.7108413676338095 19.756979669752997
0.0075264524606950545 0.008475036755295281 1.3500769544033995 0.442765421566682 203.10773192394436 1.5648366445315438 23.05298386076828
359.984456219404 0.0005867633503688734 1.28956468840454 0.7032878735391467 12.97583955205759 1.546728976349708 25.067845918380044
359.98698086893165 -0.005941100387636761 0.38585369868271824 0.31853683248445713 319.61238009542205 2.448026304255323 20.35003992571751
0.009972964425003283 0.003890426117576635 1.2273290457425257 0.20605581709693643 20.680430846835662 1.4061248081189914 20.874691369417572
359.98056383069985 -0.00754043540124965 0.442395700752662 0.32740413717629435 139.97463199756817 2.1434791033752907 22.11389745344355
359.9946028352153 0.01523227725979921 0.881932237123829 0.7024835207553315 308.3671235340027 1.699778392738846 22.194778387123176
359.9984209431312 -0.006742728319611524 1.61560280904519 0.6875062091803323 43.9238165007977 1.877062892435183 21.603864696263162
359.9893150704764 0.010234503327397176 0.4408610180052345 0.28685258978952954 330.9743030665587 2.4748132289973452 19.73078928824406
0.006245711526673858 0.01714683387588061 0.42447596020260003 0.11420911771519926 115.32500990295235 3.2997243808239807 21.360536573001944
359.9988056580507 0.008547058698931935 1.6076893988748104 0.7071092393030062 299.07882403398503 2.46758940371334 18.849132772534347
359.9866881237599 0.013505745898089639 1.2164895326579097 0.4867194849627744 324.72056926099793 3.335099391325922 19.042482561844984
359.9802682713049 0.0074089727747632065 1.1133868259479438 0.3230961660601892 169.9502098860176 2.1635051141431276 21.264620347406215
359.99179903696125 0.013166466258685556 0.23798737347303978 0.38668212175668004 11.729252843623774 2.258968545167944 25.684753942571216
359.9937924344669 -0.008042676778023021 1.6556654901472692 0.3723625057852498 352.774009609164 1.3262860742896923 25.82681237510176
359.98159822797965 0.003590272117111354 0.2035269096694663 0.36949148182113245 247.02330161109845 1.6287073348130043 19.659605153827822
0.004269323885637277 0.012510239237842476 0.8263202718158396 0.11536178958208229 206.7197114562364 1.7300161068461413 25.09881501700625
359.9814249046153 0.0017869645491782726 0.24699807646927446 0.6470693866509079 249.296447345207 2.618102434499624 19.434348613123117
0.003151676877337195 -0.004562272423906703 1.6904003139378387 0.393187936428986 165.21568686449416 2.464103672031822 18.5897787588409
359.99755972255394 0.017868438127564452 1.747050529054298 0.3996551189154796 51.39967472391072 2.192863561297988 23.54943305264506
359.9845608600134 -0.0037502367475688156 1.5962068524639128 0.6113727253956803 338.34608944999025 1.2156984952320737 19.034884095080642
359.99965821141154 0.007425547302088756 1.4206642406460688 0.4131181634423391 170.93461988862222 2.833603488531048 18.982075503695825
359.9910905509599 0.013642086834666176 0.9098770553011399 0.7284069012402834 203.71326942846397 3.791605088056983 18.621598573306862
359.9995276544665 0.017646371416595356 0.819552778160161 0.07374900153374686 319.4448126462161 3.458416976767544 20.48435695848834
0.0002911619519636588 -0.008229171836969994 0.7704825190442326 0.14855761474572202 24.987717854573383 1.5067450586763662 18.94871466538211
359.983595777438 -0.005161278721721271 1.0275419628884757 0.3043428937050641 178.72878675564834 1.8729149925512263 26.29735849995687
359.99011815727454 -0.005354761620722563 1.2780504146460212 0.7467427261204523 164.61987559023126 2.943048597390814 18.647411959052548
359.99309129500074 -0.0036080561088010776 0.6677834516347756 0.2502324452874115 37.677526889456594 2.8250100479310305 26.807870777226025
359.98051507958337 -0.0018143730989280621 1.8172794243312922 0.13194494239779692 236.27170748194087 2.9091892284961562 25.014254616947074
0.0010049541662056072 0.003668498329473994 0.7073316216390293 0.06952517271145014 255.34408066515704 2.146197736349052 23.771873296938296
0.0023080420833139215 -0.0028668381638255677 0.579081773018281 0.6890232510065897 49.650823758047096 3.064575005984195 26.948225134835635
359.98365938660436 0.0019341150187750771 1.1142725200327106 0.46781676960971164 348.9494223159605 1.480635424280209 19.726822391503724
0.0010251671900505244 0.015644018307036385 1.1260080671374086 0.3578933535026252 323.80989483364027 3.9061405953106805 18.443140661869638
0.006416671797182971 -0.003195276185915182 0.6929729950690979 0.6168325328921863 317.50569034714357 2.263280292888112 26.411894993532123
359.9879784051997 0.0011024512861122996 1.5064283826634282 0.08508621525998283 83.6573001148283 2.837898131780164 18.42712179584676
359.9966919531472 0.001816050550942347 1.745301226163062 0.3930992619007938 230.1958294463264 1.8737651666863129 26.372475437049516
359.99101797594693 -0.006856506113301098 1.6996072573657373 0.5659513670321357 10.992968136590882 2.78092612906732 19.87151762895897
0.004372483151826145 0.016058770194440998 1.9304535166477454 0.428654201280958 184.74029405822873 1.4180850654805182 22.812756800927133
0.008301244959909582 -0.0025355676595993663 1.7915334557343507 0.7169415568287468 284.9075092963557 3.9261020350084634 20.22524739726448
0.009564217866739 -0.0025285677569536332 1.3951478388919851 0.6974907716089862 22.54945432131478 1.7843905926210923 25.635133871538308
0.0025400783345048694 0.010566159018647022 0.8912188033523754 0.5521288363020016 315.53257675487686 1.7260326518335694 18.8172424701935
359.98787209617 0.004091881110475553 0.6798187597157802 0.5163235025066629 122.15525862052192 3.452881863774441 21.939356299235524
